# relative_time, cycles_done, cur_item, corpus_count, pending_total, pending_favs, map_size, saved_crashes, saved_hangs, max_depth, execs_per_sec, total_execs, edges_found
61, 1, 102, 127, 51, 0, 4.75%, 0, 0, 8, 5099.58, 327771, 97
66, 1, 104, 127, 42, 0, 4.75%, 0, 0, 8, 5170.72, 353761, 97
71, 1, 40, 127, 34, 0, 4.75%, 0, 0, 8, 5177.33, 380672, 97
76, 2, 88, 128, 27, 0, 4.75%, 0, 0, 8, 5065.26, 406916, 97
81, 2, 101, 130, 23, 0, 4.75%, 0, 0, 8, 5073.17, 433300, 97
86, 2, 89, 132, 22, 0, 4.75%, 0, 1, 8, 5186.50, 454732, 97
92, 2, 132, 133, 21, 1, 4.90%, 0, 1, 9, 957.50, 473605, 100
97, 2, 78, 134, 15, 0, 4.90%, 0, 1, 9, 5168.09, 496756, 100
102, 3, 122, 135, 14, 0, 4.90%, 0, 1, 9, 4928.34, 521527, 100
107, 3, 63, 135, 8, 0, 4.90%, 0, 1, 9, 5083.98, 547787, 100
112, 3, 74, 135, 5, 0, 4.90%, 0, 1, 9, 4922.89, 572933, 100
117, 4, 109, 136, 5, 0, 4.90%, 0, 1, 9, 5061.50, 598888, 100
122, 4, 91, 138, 6, 0, 4.90%, 0, 1, 9, 4679.71, 623444, 100
128, 4, 77, 138, 5, 0, 4.90%, 0, 1, 9, 4633.64, 647090, 100
133, 4, 138, 139, 5, 0, 4.90%, 0, 1, 9, 5064.36, 673365, 100
138, 5, 124, 140, 4, 0, 4.90%, 0, 1, 10, 5120.57, 700173, 100
143, 5, 78, 140, 2, 0, 4.90%, 0, 1, 10, 4708.47, 723484, 100
148, 5, 89, 140, 1, 0, 4.90%, 0, 1, 10, 5140.00, 746758, 100
153, 6, 135, 140, 1, 0, 4.90%, 0, 1, 10, 5070.55, 772548, 100
158, 6, 93, 140, 1, 0, 4.90%, 0, 1, 10, 5048.29, 798588, 100
163, 6, 84, 140, 1, 0, 4.90%, 0, 1, 10, 4932.20, 824494, 100
169, 7, 63, 141, 1, 0, 4.90%, 0, 1, 10, 4890.37, 849012, 100
174, 7, 91, 141, 0, 0, 4.90%, 0, 1, 10, 4764.64, 872927, 100
179, 7, 124, 141, 0, 0, 4.90%, 0, 1, 10, 4727.59, 897763, 100
184, 8, 18, 141, 0, 0, 4.90%, 0, 1, 10, 4466.09, 919877, 100
189, 8, 124, 141, 0, 0, 4.90%, 0, 1, 10, 4927.16, 945104, 100
194, 8, 89, 141, 0, 0, 4.90%, 0, 1, 10, 5031.21, 971335, 100
199, 9, 129, 141, 0, 0, 4.90%, 0, 1, 10, 4698.25, 995878, 100
204, 9, 63, 141, 0, 0, 4.90%, 0, 1, 10, 5047.39, 1022040, 100
210, 9, 84, 141, 0, 0, 4.90%, 0, 1, 10, 4503.13, 1044150, 100
215, 10, 101, 141, 0, 0, 4.90%, 0, 1, 10, 4944.77, 1069903, 100
220, 10, 106, 143, 0, 0, 5.00%, 0, 1, 11, 3367.36, 1092368, 102
225, 10, 91, 143, 0, 0, 5.00%, 0, 1, 11, 4681.35, 1118275, 102
230, 10, 135, 143, 0, 0, 5.00%, 0, 1, 11, 4618.08, 1140923, 102
235, 11, 122, 143, 0, 0, 5.00%, 0, 1, 11, 4918.78, 1166481, 102
240, 11, 143, 146, 3, 0, 5.00%, 0, 1, 13, 950.19, 1181218, 102
245, 11, 106, 146, 1, 0, 5.00%, 0, 1, 13, 1644.50, 1189273, 102
251, 11, 132, 146, 0, 0, 5.00%, 0, 1, 13, 3582.19, 1211205, 102
256, 12, 84, 147, 1, 0, 5.00%, 0, 1, 13, 4470.88, 1233475, 102
261, 12, 146, 148, 2, 0, 5.00%, 0, 1, 13, 4621.35, 1257267, 102
266, 12, 147, 148, 1, 0, 5.00%, 0, 1, 13, 779.42, 1275058, 102
271, 12, 148, 149, 1, 0, 5.00%, 0, 1, 14, 800.19, 1281472, 102
276, 12, 124, 149, 0, 0, 5.00%, 0, 1, 14, 4867.52, 1297309, 102
281, 13, 20, 149, 0, 0, 5.00%, 0, 1, 14, 4224.46, 1318539, 102
286, 13, 107, 149, 0, 0, 5.00%, 0, 1, 14, 4795.15, 1343324, 102
291, 13, 134, 149, 0, 0, 5.00%, 0, 1, 14, 5085.76, 1360717, 102
297, 13, 122, 149, 0, 0, 5.00%, 0, 1, 14, 4826.41, 1385492, 102
302, 14, 135, 149, 0, 0, 5.00%, 0, 1, 14, 5035.46, 1399435, 102
307, 14, 84, 149, 0, 0, 5.00%, 0, 1, 14, 4803.82, 1424336, 102
312, 14, 106, 149, 0, 0, 5.00%, 0, 1, 14, 4831.25, 1448017, 102
317, 14, 142, 149, 0, 0, 5.00%, 0, 2, 14, 1213.97, 1464403, 102
322, 15, 90, 149, 0, 0, 5.00%, 0, 2, 14, 3892.68, 1486637, 102
327, 15, 122, 149, 0, 0, 5.00%, 0, 2, 14, 2556.85, 1511264, 102
332, 15, 63, 149, 0, 0, 5.00%, 0, 2, 14, 4273.73, 1535454, 102
337, 16, 106, 149, 0, 0, 5.00%, 0, 2, 14, 4756.52, 1559634, 102
342, 16, 112, 149, 0, 0, 5.00%, 0, 2, 14, 5126.69, 1586260, 102
348, 16, 124, 149, 0, 0, 5.00%, 0, 2, 14, 5203.76, 1612780, 102
353, 17, 112, 149, 0, 0, 5.00%, 0, 2, 14, 4924.87, 1637552, 102
358, 17, 129, 149, 0, 0, 5.00%, 0, 2, 14, 4991.34, 1662330, 102
363, 17, 101, 149, 0, 0, 5.00%, 0, 2, 14, 4542.47, 1682597, 102
368, 18, 113, 149, 0, 0, 5.00%, 0, 2, 14, 4881.18, 1708158, 102
373, 18, 132, 149, 0, 0, 5.00%, 0, 2, 14, 4915.41, 1730273, 102
378, 18, 132, 149, 0, 0, 5.00%, 0, 2, 14, 5058.47, 1756374, 102
384, 18, 132, 149, 0, 0, 5.00%, 0, 2, 14, 4475.69, 1778799, 102
389, 19, 146, 149, 0, 0, 5.00%, 0, 2, 14, 4552.40, 1802384, 102
394, 19, 122, 150, 0, 0, 5.00%, 0, 2, 14, 4746.69, 1826501, 102
399, 19, 34, 150, 0, 0, 5.00%, 0, 2, 14, 5153.42, 1853355, 102
404, 20, 101, 150, 0, 0, 5.00%, 0, 2, 14, 5152.10, 1879331, 102
409, 20, 132, 150, 0, 0, 5.00%, 0, 2, 14, 4457.43, 1902419, 102
414, 20, 28, 150, 0, 0, 5.00%, 0, 2, 14, 4576.37, 1925417, 102
419, 21, 97, 150, 0, 0, 5.00%, 0, 2, 14, 4836.67, 1951177, 102
424, 21, 84, 150, 0, 0, 5.00%, 0, 2, 14, 5145.65, 1977875, 102
430, 21, 91, 150, 0, 0, 5.00%, 0, 2, 14, 4733.00, 2001608, 102
435, 21, 59, 150, 0, 0, 5.00%, 0, 2, 14, 4510.42, 2024677, 102
440, 22, 132, 150, 0, 0, 5.00%, 0, 2, 14, 4917.18, 2050221, 102
445, 22, 134, 150, 0, 0, 5.00%, 0, 2, 14, 5109.82, 2076637, 102
450, 22, 77, 150, 0, 0, 5.00%, 0, 2, 14, 4782.55, 2101421, 102
455, 23, 134, 150, 0, 0, 5.00%, 0, 2, 14, 4798.14, 2126141, 102
460, 23, 122, 150, 0, 0, 5.00%, 0, 2, 14, 4946.05, 2150588, 102
465, 23, 112, 150, 0, 0, 5.00%, 0, 2, 14, 5124.79, 2176848, 102
471, 24, 89, 150, 0, 0, 5.00%, 0, 2, 14, 5219.43, 2203729, 102
476, 24, 122, 150, 0, 0, 5.00%, 0, 2, 14, 4830.00, 2227314, 102
481, 24, 142, 150, 0, 0, 5.00%, 0, 2, 14, 4983.06, 2253187, 102
486, 25, 90, 150, 0, 0, 5.00%, 0, 2, 14, 4695.01, 2276906, 102
491, 25, 80, 150, 0, 0, 5.00%, 0, 2, 14, 4713.56, 2300851, 102
496, 25, 142, 150, 0, 0, 5.00%, 0, 2, 14, 4384.40, 2322971, 102
501, 26, 101, 150, 0, 0, 5.00%, 0, 2, 14, 4845.22, 2348218, 102
506, 26, 89, 150, 0, 0, 5.00%, 0, 2, 14, 4739.27, 2373249, 102
512, 26, 124, 150, 0, 0, 5.00%, 0, 2, 14, 4908.77, 2397534, 102
517, 27, 147, 150, 0, 0, 5.00%, 0, 2, 14, 4652.11, 2421691, 102
522, 27, 91, 150, 0, 0, 5.00%, 0, 2, 14, 4832.36, 2446155, 102
527, 27, 151, 152, 2, 0, 5.00%, 0, 2, 14, 4417.64, 2467964, 102
532, 27, 150, 152, 1, 0, 5.00%, 0, 2, 14, 543.37, 2489746, 102
537, 27, 142, 152, 0, 0, 5.00%, 0, 2, 14, 4959.18, 2497728, 102
542, 28, 150, 152, 0, 0, 5.00%, 0, 2, 14, 581.53, 2520350, 102
548, 28, 83, 152, 0, 0, 5.00%, 0, 2, 14, 4090.77, 2541616, 102
553, 28, 132, 152, 0, 0, 5.00%, 0, 2, 14, 4644.00, 2567150, 102
558, 29, 62, 152, 0, 0, 5.00%, 0, 2, 14, 4479.93, 2590374, 102
563, 29, 124, 152, 0, 0, 5.00%, 0, 2, 14, 4905.04, 2615728, 102
568, 29, 89, 152, 0, 0, 5.00%, 0, 2, 14, 4456.11, 2637894, 102
573, 29, 97, 152, 0, 0, 5.00%, 0, 2, 14, 4614.02, 2661367, 102
578, 30, 122, 152, 0, 0, 5.00%, 0, 2, 14, 4888.12, 2686472, 102
584, 30, 136, 152, 0, 0, 5.00%, 0, 2, 14, 4404.59, 2708901, 102
589, 30, 124, 152, 0, 0, 5.00%, 0, 2, 14, 4587.59, 2733207, 102
594, 31, 91, 152, 0, 0, 5.00%, 0, 2, 14, 4833.71, 2758249, 102
599, 31, 112, 152, 0, 0, 5.00%, 0, 2, 14, 5141.00, 2784888, 102
604, 31, 107, 153, 1, 0, 5.00%, 0, 2, 14, 3989.37, 2804405, 102
609, 31, 132, 153, 0, 0, 5.00%, 0, 2, 14, 4827.59, 2830426, 102
614, 32, 63, 153, 0, 0, 5.00%, 0, 2, 14, 4898.26, 2854202, 102
619, 32, 75, 153, 0, 0, 5.00%, 0, 2, 14, 4592.52, 2876130, 102
624, 32, 84, 154, 0, 0, 5.00%, 0, 2, 15, 3585.67, 2891367, 102
629, 32, 101, 154, 0, 0, 5.00%, 0, 2, 15, 3746.52, 2909196, 102
635, 33, 142, 155, 1, 0, 5.00%, 0, 2, 15, 4200.20, 2932037, 102
640, 33, 112, 156, 1, 0, 5.00%, 0, 2, 15, 5043.72, 2959006, 102
645, 33, 82, 156, 1, 0, 5.00%, 0, 2, 15, 5100.30, 2984405, 102
650, 33, 122, 156, 1, 0, 5.00%, 0, 2, 15, 1411.84, 3010110, 102
655, 34, 156, 157, 1, 0, 5.00%, 0, 2, 15, 4443.86, 3036629, 102
660, 34, 142, 157, 0, 0, 5.00%, 0, 2, 15, 5042.81, 3063212, 102
665, 34, 154, 159, 1, 0, 5.14%, 0, 2, 15, 4816.17, 3086868, 105
671, 34, 59, 160, 1, 0, 5.14%, 0, 2, 15, 4239.69, 3107885, 105
676, 34, 120, 161, 2, 0, 5.14%, 0, 3, 15, 3352.59, 3121771, 105
682, 34, 159, 161, 2, 0, 5.14%, 0, 4, 15, 132.46, 3142012, 105
687, 34, 132, 161, 1, 0, 5.14%, 0, 4, 15, 3121.38, 3163567, 105
692, 35, 62, 161, 1, 0, 5.14%, 0, 4, 15, 4525.48, 3187766, 105
697, 35, 91, 161, 1, 0, 5.14%, 0, 4, 15, 3711.69, 3206826, 105
702, 35, 63, 161, 1, 0, 5.14%, 0, 4, 15, 4558.45, 3230180, 105
707, 35, 59, 161, 1, 0, 5.14%, 0, 4, 15, 4365.02, 3252748, 105
712, 35, 160, 161, 1, 0, 5.14%, 0, 4, 15, 4186.61, 3273911, 105
717, 36, 63, 161, 0, 0, 5.14%, 0, 4, 15, 4800.00, 3296185, 105
722, 36, 101, 161, 0, 0, 5.14%, 0, 4, 15, 3622.90, 3317593, 105
728, 36, 106, 161, 0, 0, 5.14%, 0, 4, 15, 3617.77, 3335605, 105
733, 36, 154, 161, 0, 0, 5.14%, 0, 4, 15, 3582.68, 3353219, 105
738, 36, 157, 161, 0, 0, 5.14%, 0, 4, 15, 3346.40, 3370377, 105
743, 36, 148, 161, 0, 0, 5.14%, 0, 4, 15, 3392.39, 3388088, 105
748, 37, 157, 161, 0, 0, 5.14%, 0, 4, 15, 3306.99, 3405686, 105
753, 37, 90, 161, 0, 0, 5.14%, 0, 4, 15, 4007.00, 3426644, 105
758, 37, 84, 161, 0, 0, 5.14%, 0, 4, 15, 4205.75, 3445889, 105
763, 37, 77, 161, 0, 0, 5.14%, 0, 4, 15, 3609.05, 3462722, 105
769, 37, 157, 161, 0, 0, 5.14%, 0, 5, 15, 4390.99, 3480501, 105
774, 38, 107, 161, 0, 0, 5.14%, 0, 5, 15, 4090.28, 3500982, 105
779, 38, 157, 161, 0, 0, 5.14%, 0, 5, 15, 4137.69, 3520464, 105
784, 38, 112, 161, 0, 0, 5.14%, 0, 6, 15, 3493.55, 3534862, 105
789, 38, 57, 161, 0, 0, 5.14%, 0, 6, 15, 4207.95, 3558354, 105
794, 38, 134, 161, 0, 0, 5.14%, 0, 6, 15, 3836.25, 3578819, 105
799, 39, 132, 161, 0, 0, 5.14%, 0, 6, 15, 3965.15, 3598391, 105
804, 39, 84, 161, 0, 0, 5.14%, 0, 6, 15, 4270.00, 3619360, 105
809, 39, 63, 161, 0, 0, 5.14%, 0, 6, 15, 4422.12, 3643369, 105
814, 39, 122, 161, 0, 0, 5.14%, 0, 6, 15, 4248.25, 3664825, 105
819, 40, 154, 161, 0, 0, 5.14%, 0, 6, 15, 4374.32, 3688223, 105
825, 40, 157, 161, 0, 0, 5.14%, 0, 6, 15, 3574.89, 3705517, 105
830, 40, 101, 161, 0, 0, 5.14%, 0, 6, 15, 3953.34, 3723791, 105
835, 40, 91, 161, 0, 0, 5.14%, 0, 6, 15, 2753.81, 3741667, 105
840, 40, 90, 161, 0, 0, 5.14%, 0, 6, 15, 3625.98, 3763115, 105
845, 41, 77, 161, 0, 0, 5.14%, 0, 6, 15, 3533.50, 3781805, 105
850, 41, 60, 161, 0, 0, 5.14%, 0, 6, 15, 750.32, 3796446, 105
855, 41, 77, 161, 0, 0, 5.14%, 0, 6, 15, 3897.78, 3813469, 105
860, 41, 101, 161, 0, 0, 5.14%, 0, 6, 15, 3381.91, 3830566, 105
865, 41, 143, 161, 0, 0, 5.14%, 0, 6, 15, 3951.98, 3851058, 105
870, 42, 47, 161, 0, 0, 5.14%, 0, 6, 15, 3964.42, 3871286, 105
876, 42, 63, 161, 0, 0, 5.14%, 0, 6, 15, 3689.98, 3891683, 105
881, 42, 124, 161, 0, 0, 5.14%, 0, 6, 15, 3768.99, 3911700, 105
886, 42, 101, 161, 0, 0, 5.14%, 0, 6, 15, 3936.36, 3932353, 105
891, 42, 132, 161, 0, 0, 5.14%, 0, 6, 15, 4383.33, 3956605, 105
896, 43, 117, 161, 0, 0, 5.14%, 0, 6, 15, 3928.78, 3976067, 105
901, 43, 142, 161, 0, 0, 5.14%, 0, 6, 15, 4015.78, 3997153, 105
906, 43, 132, 161, 0, 0, 5.14%, 0, 6, 15, 4077.50, 4018197, 105
911, 43, 157, 161, 0, 0, 5.14%, 0, 6, 15, 3568.04, 4034404, 105
916, 43, 157, 161, 0, 0, 5.14%, 0, 6, 15, 3850.03, 4054628, 105
921, 44, 157, 161, 0, 0, 5.14%, 0, 6, 15, 4172.00, 4076794, 105
927, 44, 157, 161, 0, 0, 5.14%, 0, 7, 15, 3304.12, 4092899, 105
932, 44, 132, 161, 0, 0, 5.14%, 0, 7, 15, 3722.80, 4110695, 105
937, 44, 112, 161, 0, 0, 5.14%, 0, 7, 15, 4043.03, 4130466, 105
942, 44, 106, 161, 0, 0, 5.14%, 0, 7, 15, 4102.30, 4151418, 105
947, 45, 132, 162, 0, 0, 5.19%, 0, 7, 15, 4707.69, 4177003, 106
952, 45, 91, 163, 1, 0, 5.19%, 0, 7, 15, 4689.93, 4200007, 106
957, 45, 157, 164, 1, 0, 5.24%, 0, 7, 15, 4182.46, 4220766, 107
962, 45, 132, 164, 1, 0, 5.24%, 0, 7, 15, 4265.87, 4242469, 107
967, 45, 77, 164, 1, 0, 5.24%, 0, 7, 15, 4662.17, 4265843, 107
973, 45, 162, 165, 2, 0, 5.24%, 0, 7, 15, 4275.92, 4286989, 107
978, 46, 112, 165, 1, 0, 5.24%, 0, 7, 15, 4417.83, 4308145, 107
983, 46, 28, 165, 0, 0, 5.24%, 0, 7, 15, 4651.09, 4331021, 107
988, 46, 148, 166, 1, 0, 5.24%, 0, 7, 15, 4655.11, 4354422, 107
993, 46, 164, 166, 1, 0, 5.24%, 0, 8, 15, 4206.71, 4371169, 107
998, 46, 164, 166, 1, 0, 5.24%, 0, 8, 15, 4265.16, 4393029, 107
1003, 46, 90, 166, 1, 0, 5.24%, 0, 8, 15, 4070.19, 4414577, 107
1008, 46, 165, 166, 0, 0, 5.24%, 0, 8, 15, 4266.46, 4434486, 107
1013, 47, 83, 166, 0, 0, 5.24%, 0, 8, 15, 3539.63, 4451559, 107
1019, 47, 161, 166, 0, 0, 5.24%, 0, 8, 15, 4283.94, 4473891, 107
1024, 47, 101, 166, 0, 0, 5.24%, 0, 8, 15, 4402.68, 4495581, 107
1029, 47, 122, 166, 0, 0, 5.24%, 0, 8, 15, 4429.89, 4518839, 107
1034, 47, 161, 166, 0, 0, 5.24%, 0, 8, 15, 4265.89, 4540022, 107
1039, 47, 132, 166, 0, 0, 5.24%, 0, 8, 15, 4410.65, 4563366, 107
1044, 48, 165, 166, 0, 0, 5.24%, 0, 8, 15, 4647.11, 4586276, 107
1049, 48, 132, 166, 0, 0, 5.24%, 0, 8, 15, 4293.06, 4608698, 107
1055, 48, 101, 166, 0, 0, 5.24%, 0, 8, 15, 4526.56, 4631905, 107
1060, 48, 161, 166, 0, 0, 5.24%, 0, 8, 15, 4228.87, 4653823, 107
1065, 48, 132, 166, 0, 0, 5.24%, 0, 8, 15, 4689.84, 4679387, 107
1070, 48, 154, 166, 0, 0, 5.24%, 0, 8, 15, 3823.78, 4698569, 107
1075, 49, 59, 166, 0, 0, 5.24%, 0, 8, 15, 4604.46, 4722328, 107
1080, 49, 154, 166, 0, 0, 5.24%, 0, 8, 15, 4341.30, 4742654, 107
1085, 49, 163, 166, 0, 0, 5.24%, 0, 8, 15, 4519.83, 4766923, 107
1091, 49, 142, 166, 0, 0, 5.24%, 0, 8, 15, 4640.00, 4789835, 107
1096, 49, 165, 166, 0, 0, 5.24%, 0, 8, 15, 4302.38, 4809584, 107
1101, 49, 107, 166, 0, 0, 5.24%, 0, 8, 15, 4321.20, 4830923, 107
1106, 50, 163, 166, 0, 0, 5.24%, 0, 8, 15, 4611.02, 4854596, 107
1111, 50, 132, 166, 0, 0, 5.24%, 0, 8, 15, 752.81, 4874248, 107
1116, 50, 75, 166, 0, 0, 5.24%, 0, 8, 15, 4417.88, 4898054, 107
1121, 50, 162, 166, 0, 0, 5.24%, 0, 8, 15, 4747.38, 4922308, 107
1126, 50, 165, 166, 0, 0, 5.24%, 0, 8, 15, 4411.06, 4944625, 107
1131, 51, 78, 166, 0, 0, 5.24%, 0, 8, 15, 4671.10, 4968059, 107
1136, 51, 84, 166, 0, 0, 5.24%, 0, 8, 15, 4564.38, 4991255, 107
1142, 51, 155, 166, 0, 0, 5.24%, 0, 8, 15, 4139.28, 5011311, 107
1147, 51, 161, 166, 0, 0, 5.24%, 0, 8, 15, 4545.23, 5034439, 107
1152, 51, 163, 166, 0, 0, 5.24%, 0, 8, 15, 4534.07, 5057332, 107
1157, 51, 106, 166, 0, 0, 5.24%, 0, 8, 15, 4279.23, 5078024, 107
1162, 52, 92, 166, 0, 0, 5.24%, 0, 8, 15, 4249.89, 5098950, 107
1167, 52, 163, 166, 0, 0, 5.24%, 0, 8, 15, 4453.39, 5121842, 107
1172, 52, 28, 166, 0, 0, 5.24%, 0, 8, 15, 4354.68, 5144053, 107
1177, 52, 68, 166, 0, 0, 5.24%, 0, 9, 15, 4943.80, 5161662, 107
1182, 52, 90, 166, 0, 0, 5.24%, 0, 9, 15, 4105.85, 5180777, 107
1187, 52, 22, 166, 0, 0, 5.24%, 0, 9, 15, 3502.52, 5198164, 107
1193, 52, 132, 166, 0, 0, 5.24%, 0, 9, 15, 4079.25, 5219994, 107
1198, 53, 132, 166, 0, 0, 5.24%, 0, 9, 15, 4287.34, 5241259, 107
1203, 53, 166, 167, 0, 0, 5.24%, 0, 9, 15, 4412.00, 5263580, 107
1208, 53, 163, 167, 0, 0, 5.24%, 0, 9, 15, 3746.39, 5282308, 107
1213, 53, 163, 167, 0, 0, 5.24%, 0, 9, 15, 3521.26, 5300796, 107
1218, 53, 165, 167, 0, 0, 5.24%, 0, 9, 15, 3655.84, 5319470, 107
1223, 53, 27, 167, 0, 0, 5.24%, 0, 9, 15, 4463.38, 5342926, 107
1228, 53, 163, 167, 0, 0, 5.24%, 0, 9, 15, 4273.99, 5364774, 107
1234, 54, 166, 168, 1, 0, 5.24%, 0, 9, 15, 4435.76, 5386593, 107
1239, 54, 137, 168, 1, 0, 5.24%, 0, 9, 15, 3777.00, 5405545, 107
1244, 54, 89, 168, 1, 0, 5.24%, 0, 9, 15, 3940.52, 5425128, 107
1249, 54, 167, 168, 1, 0, 5.24%, 0, 10, 15, 3672.26, 5441183, 107
1254, 54, 106, 168, 0, 0, 5.24%, 0, 10, 15, 4211.14, 5461223, 107
1259, 54, 140, 168, 0, 0, 5.24%, 0, 10, 15, 4691.21, 5485466, 107
1264, 54, 163, 168, 0, 0, 5.24%, 0, 10, 15, 3676.08, 5503302, 107
1269, 54, 163, 168, 0, 0, 5.24%, 0, 10, 15, 2905.85, 5511111, 107
1274, 55, 157, 168, 0, 0, 5.24%, 0, 10, 15, 4271.36, 5535165, 107
1279, 55, 90, 168, 0, 0, 5.24%, 0, 10, 15, 4097.66, 5556063, 107
1284, 55, 154, 168, 0, 0, 5.24%, 0, 10, 15, 4388.16, 5578257, 107
1290, 55, 163, 168, 0, 0, 5.24%, 0, 10, 15, 3964.08, 5598573, 107
1295, 55, 163, 168, 0, 0, 5.24%, 0, 10, 15, 4244.20, 5620960, 107
1300, 55, 165, 168, 0, 0, 5.24%, 0, 10, 15, 4208.89, 5642116, 107
1305, 56, 27, 168, 0, 0, 5.24%, 0, 10, 15, 4757.28, 5666765, 107
1310, 56, 18, 168, 0, 0, 5.24%, 0, 10, 15, 4021.00, 5685946, 107
1315, 56, 154, 168, 0, 0, 5.24%, 0, 10, 15, 3330.41, 5705501, 107
1320, 56, 83, 168, 0, 0, 5.24%, 0, 10, 15, 4384.33, 5729542, 107
1325, 56, 91, 168, 0, 0, 5.24%, 0, 10, 15, 3962.93, 5748652, 107
1331, 56, 132, 168, 0, 0, 5.24%, 0, 10, 15, 3826.19, 5767624, 107
1336, 57, 166, 168, 0, 0, 5.24%, 0, 10, 15, 4513.83, 5790955, 107
1341, 57, 164, 168, 0, 0, 5.24%, 0, 10, 15, 4318.08, 5812808, 107
1346, 57, 165, 168, 0, 0, 5.24%, 0, 10, 15, 4521.25, 5836061, 107
1351, 57, 59, 168, 0, 0, 5.24%, 0, 10, 15, 4449.16, 5857914, 107
1356, 57, 163, 168, 0, 0, 5.24%, 0, 10, 15, 4644.75, 5882717, 107
1361, 57, 157, 168, 0, 0, 5.24%, 0, 10, 15, 3972.91, 5901812, 107
1367, 57, 163, 168, 0, 0, 5.24%, 0, 10, 15, 3914.52, 5922775, 107
1372, 58, 157, 168, 0, 0, 5.24%, 0, 10, 15, 4180.48, 5945566, 107
1377, 58, 163, 168, 0, 0, 5.24%, 0, 10, 15, 4578.85, 5970460, 107
1382, 58, 84, 168, 0, 0, 5.24%, 0, 10, 15, 4292.64, 5993110, 107
1387, 58, 154, 168, 0, 0, 5.24%, 0, 10, 15, 4143.59, 6015745, 107
1392, 58, 165, 168, 0, 0, 5.24%, 0, 10, 15, 4518.51, 6039933, 107
1397, 59, 163, 168, 0, 0, 5.24%, 0, 10, 15, 4021.27, 6060385, 107
1402, 59, 163, 168, 0, 0, 5.24%, 0, 10, 15, 3754.29, 6079406, 107
1408, 59, 83, 168, 0, 0, 5.24%, 0, 11, 15, 4244.43, 6096940, 107
1413, 59, 166, 168, 0, 0, 5.24%, 0, 11, 15, 3708.11, 6115678, 107
1418, 59, 18, 168, 0, 0, 5.24%, 0, 11, 15, 5189.81, 6139093, 107
1423, 59, 101, 168, 0, 0, 5.24%, 0, 11, 15, 4362.67, 6161031, 107
1428, 60, 163, 168, 0, 0, 5.24%, 0, 11, 15, 3939.61, 6181315, 107
1433, 60, 132, 168, 0, 0, 5.24%, 0, 11, 15, 4444.57, 6198651, 107
1438, 60, 131, 168, 0, 0, 5.24%, 0, 11, 15, 3999.95, 6219237, 107
1444, 60, 132, 168, 0, 0, 5.24%, 0, 11, 15, 4129.83, 6241058, 107
1449, 60, 165, 168, 0, 0, 5.24%, 0, 11, 15, 3792.72, 6258517, 107
1454, 60, 154, 168, 0, 0, 5.24%, 0, 11, 15, 4383.59, 6280594, 107
1459, 60, 166, 168, 0, 0, 5.24%, 0, 11, 15, 4553.55, 6301047, 107
1464, 61, 125, 168, 0, 0, 5.24%, 0, 11, 15, 4862.32, 6326474, 107
1469, 61, 166, 168, 0, 0, 5.24%, 0, 11, 15, 4261.05, 6346890, 107
1474, 61, 163, 168, 0, 0, 5.24%, 0, 11, 15, 4273.02, 6368680, 107
1479, 61, 106, 168, 0, 0, 5.24%, 0, 11, 15, 4127.89, 6388285, 107
1484, 61, 163, 168, 0, 0, 5.24%, 0, 11, 15, 3702.03, 6408234, 107
1490, 61, 89, 168, 0, 0, 5.24%, 0, 11, 15, 4148.13, 6430353, 107
1495, 61, 166, 168, 0, 0, 5.24%, 0, 11, 15, 4274.76, 6453795, 107
1500, 62, 163, 168, 0, 0, 5.24%, 0, 11, 15, 3865.35, 6474766, 107
1505, 62, 107, 168, 0, 0, 5.24%, 0, 11, 15, 4491.83, 6498113, 107
1510, 62, 163, 168, 0, 0, 5.24%, 0, 11, 15, 3770.28, 6516069, 107
1515, 62, 163, 168, 0, 0, 5.24%, 0, 11, 15, 3981.23, 6535651, 107
1520, 62, 106, 168, 0, 0, 5.24%, 0, 11, 15, 4003.75, 6555165, 107
1525, 62, 142, 168, 0, 0, 5.24%, 0, 11, 15, 3493.99, 6573717, 107
1531, 62, 165, 168, 0, 0, 5.24%, 0, 11, 15, 3466.92, 6592322, 107
1536, 63, 157, 168, 0, 0, 5.24%, 0, 11, 15, 4554.08, 6616478, 107
1541, 63, 164, 168, 0, 0, 5.24%, 0, 11, 15, 4673.01, 6638942, 107
1546, 63, 162, 168, 0, 0, 5.24%, 0, 11, 15, 4247.12, 6660684, 107
1551, 63, 62, 168, 0, 0, 5.24%, 0, 11, 15, 4444.91, 6682013, 107
1556, 63, 154, 168, 0, 0, 5.24%, 0, 11, 15, 4592.14, 6705249, 107
1561, 63, 105, 168, 0, 0, 5.24%, 0, 11, 15, 3922.34, 6725355, 107
1566, 63, 96, 168, 0, 0, 5.24%, 0, 11, 15, 4003.17, 6745625, 107
1572, 64, 151, 168, 0, 0, 5.24%, 0, 11, 15, 4294.37, 6768308, 107
1577, 64, 132, 168, 0, 0, 5.24%, 0, 11, 15, 4185.16, 6790540, 107
1582, 64, 157, 168, 0, 0, 5.24%, 0, 11, 15, 4076.01, 6811000, 107
1587, 64, 163, 168, 0, 0, 5.24%, 0, 11, 15, 4001.38, 6833037, 107
1592, 64, 143, 168, 0, 0, 5.24%, 0, 11, 15, 3717.40, 6852296, 107
1597, 64, 165, 168, 0, 0, 5.24%, 0, 11, 15, 4275.45, 6875052, 107
1602, 65, 166, 168, 0, 0, 5.24%, 0, 11, 15, 4918.94, 6901069, 107
1607, 65, 91, 168, 0, 0, 5.24%, 0, 11, 15, 4512.92, 6923107, 107
1612, 65, 165, 168, 0, 0, 5.24%, 0, 11, 15, 4051.38, 6943493, 107
1618, 65, 164, 168, 0, 0, 5.24%, 0, 11, 15, 4599.44, 6967805, 107
1623, 65, 75, 168, 0, 0, 5.24%, 0, 11, 15, 4402.96, 6989668, 107
1628, 65, 163, 168, 0, 0, 5.24%, 0, 11, 15, 4430.45, 7011877, 107
1633, 66, 84, 168, 0, 0, 5.24%, 0, 11, 15, 3736.71, 7030183, 107
1638, 66, 91, 168, 0, 0, 5.24%, 0, 11, 15, 4841.90, 7056367, 107
1643, 66, 90, 168, 0, 0, 5.24%, 0, 11, 15, 4025.68, 7075558, 107
1648, 66, 84, 168, 0, 0, 5.24%, 0, 11, 15, 4958.60, 7101978, 107
1653, 66, 165, 168, 0, 0, 5.24%, 0, 11, 15, 5061.08, 7128109, 107
1658, 66, 107, 168, 0, 0, 5.24%, 0, 11, 15, 4111.41, 7148919, 107
1664, 67, 165, 168, 0, 0, 5.24%, 0, 11, 15, 3954.84, 7169329, 107
1669, 67, 165, 168, 0, 0, 5.24%, 0, 11, 15, 4344.56, 7193545, 107
1674, 67, 106, 168, 0, 0, 5.24%, 0, 11, 15, 4030.80, 7214735, 107
1679, 67, 89, 168, 0, 0, 5.24%, 0, 11, 15, 4614.79, 7238858, 107
1684, 67, 165, 168, 0, 0, 5.24%, 0, 11, 15, 4979.62, 7265197, 107
1689, 67, 154, 168, 0, 0, 5.24%, 0, 11, 15, 4281.39, 7285484, 107
1694, 68, 107, 168, 0, 0, 5.24%, 0, 11, 15, 3867.12, 7303660, 107
1699, 68, 166, 168, 0, 0, 5.24%, 0, 11, 15, 4705.63, 7327977, 107
1705, 68, 75, 168, 0, 0, 5.24%, 0, 11, 15, 4939.51, 7352694, 107
1710, 68, 163, 168, 0, 0, 5.24%, 0, 11, 15, 4394.80, 7375462, 107
1715, 68, 122, 168, 0, 0, 5.24%, 0, 12, 15, 4728.56, 7393178, 107
1720, 68, 166, 168, 0, 0, 5.24%, 0, 12, 15, 4218.61, 7412652, 107
1725, 68, 154, 168, 0, 0, 5.24%, 0, 12, 15, 4384.76, 7435286, 107
1730, 69, 84, 168, 0, 0, 5.24%, 0, 12, 15, 4559.42, 7458481, 107
1735, 69, 122, 168, 0, 0, 5.24%, 0, 12, 15, 4515.41, 7480063, 107
1740, 69, 157, 168, 0, 0, 5.24%, 0, 12, 15, 4059.41, 7499134, 107
1746, 69, 163, 168, 0, 0, 5.24%, 0, 12, 15, 4218.74, 7521925, 107
1751, 69, 166, 168, 0, 0, 5.24%, 0, 12, 15, 3895.04, 7540505, 107
1756, 69, 166, 168, 0, 0, 5.24%, 0, 12, 15, 4373.97, 7562659, 107
1761, 70, 132, 168, 0, 0, 5.24%, 0, 12, 15, 4355.60, 7585508, 107
1766, 70, 166, 168, 0, 0, 5.24%, 0, 12, 15, 3939.34, 7603476, 107
1771, 70, 163, 168, 0, 0, 5.24%, 0, 12, 15, 4273.74, 7624326, 107
1776, 70, 166, 168, 0, 0, 5.24%, 0, 12, 15, 4568.78, 7648709, 107
1781, 70, 89, 168, 0, 0, 5.24%, 0, 12, 15, 4293.42, 7669163, 107
1786, 71, 155, 168, 0, 0, 5.24%, 0, 12, 15, 4463.84, 7692089, 107
1791, 71, 163, 168, 0, 0, 5.24%, 0, 12, 15, 4324.92, 7714149, 107
1796, 71, 132, 168, 0, 0, 5.24%, 0, 12, 15, 4415.92, 7737426, 107
1802, 71, 166, 168, 0, 0, 5.24%, 0, 12, 15, 4676.23, 7761475, 107
1807, 71, 165, 168, 0, 0, 5.24%, 0, 12, 15, 4283.25, 7784739, 107
1812, 71, 165, 168, 0, 0, 5.24%, 0, 12, 15, 3885.04, 7803653, 107
1817, 71, 112, 168, 0, 0, 5.24%, 0, 12, 15, 4514.59, 7828339, 107
1822, 72, 166, 168, 0, 0, 5.24%, 0, 12, 15, 4409.04, 7850710, 107
1827, 72, 165, 168, 0, 0, 5.24%, 0, 12, 15, 4777.51, 7875463, 107
1833, 72, 49, 168, 0, 0, 5.24%, 0, 12, 15, 4152.00, 7895210, 107
1838, 72, 89, 168, 0, 0, 5.24%, 0, 12, 15, 4555.01, 7918109, 107
1843, 72, 98, 168, 0, 0, 5.24%, 0, 12, 15, 4512.96, 7942234, 107
1848, 73, 46, 168, 0, 0, 5.24%, 0, 12, 15, 4471.06, 7964564, 107
1853, 73, 138, 168, 0, 0, 5.24%, 0, 12, 15, 4845.05, 7988842, 107
1858, 73, 163, 168, 0, 0, 5.24%, 0, 12, 15, 4692.63, 8013406, 107
1863, 73, 91, 168, 0, 0, 5.24%, 0, 12, 15, 4734.05, 8035946, 107
1868, 73, 165, 168, 0, 0, 5.24%, 0, 12, 15, 5046.23, 8062219, 107
1873, 73, 146, 168, 0, 0, 5.24%, 0, 12, 15, 4653.02, 8086859, 107
1878, 74, 163, 168, 0, 0, 5.24%, 0, 12, 15, 4430.05, 8109042, 107
1883, 74, 165, 168, 0, 0, 5.24%, 0, 12, 15, 4006.65, 8127484, 107
1888, 74, 166, 168, 0, 0, 5.24%, 0, 12, 15, 4654.96, 8151131, 107
1894, 74, 166, 168, 0, 0, 5.24%, 0, 12, 15, 4787.67, 8175775, 107
1899, 74, 132, 168, 0, 0, 5.24%, 0, 12, 15, 4133.94, 8196436, 107
1904, 74, 27, 168, 0, 0, 5.24%, 0, 12, 15, 4575.10, 8220471, 107
1909, 75, 163, 168, 0, 0, 5.24%, 0, 12, 15, 4285.79, 8243043, 107
1914, 75, 165, 168, 0, 0, 5.24%, 0, 12, 15, 4826.11, 8267043, 107
1919, 75, 89, 168, 0, 0, 5.24%, 0, 12, 15, 4796.01, 8292568, 107
1924, 75, 163, 168, 0, 0, 5.24%, 0, 12, 15, 4272.81, 8314023, 107
1929, 75, 101, 168, 0, 0, 5.24%, 0, 12, 15, 3509.40, 8330852, 107
1934, 75, 163, 168, 0, 0, 5.24%, 0, 12, 15, 3473.98, 8349426, 107
1939, 75, 163, 168, 0, 0, 5.24%, 0, 12, 15, 3730.15, 8368451, 107
1945, 75, 166, 168, 0, 0, 5.24%, 0, 12, 15, 4258.47, 8391874, 107
1950, 76, 107, 168, 0, 0, 5.24%, 0, 12, 15, 4422.93, 8413504, 107
1955, 76, 132, 168, 0, 0, 5.24%, 0, 12, 15, 2528.09, 8431098, 107
1960, 76, 57, 168, 0, 0, 5.24%, 0, 12, 15, 3884.95, 8451853, 107
1965, 76, 74, 168, 0, 0, 5.24%, 0, 12, 15, 4397.03, 8475649, 107
1970, 76, 132, 168, 0, 0, 5.24%, 0, 12, 15, 4347.89, 8497845, 107
1970, 76, 132, 168, 0, 0, 5.24%, 0, 12, 15, 4138.65, 8498019, 107
